3.966 3.974 3.993 4.018 4.028 4.027 4.024 4.031
3.855 3.87 3.9 3.939 3.975 4.02 4.079 4.032
3.677 3.698 3.732 3.778 3.833 3.904 3.996 3.937
3.574 3.599 3.635 3.684 3.745 3.823 3.926 3.864
3.555 3.58 3.616 3.664 3.722 3.798 3.896 3.838
3.636 3.658 3.692 3.736 3.786 3.849 3.931 3.881
3.727 3.745 3.776 3.816 3.855 3.903 3.966 3.924
3.817 3.832 3.859 3.894 3.921 3.952 3.995 3.958
4.028 4.039 4.063 4.09 4.102 4.11 4.122 4.089
4.151 4.159 4.169 4.195 4.205 4.21 4.214 4.18
3.97 4.009 4.099 4.248 4.287 4.29 4.293 4.256
3.582 3.623 3.729 3.895 3.937 3.938 3.94 3.898
3.12 3.093 3.052 3.015 3.004 2.996 2.988 2.937
2.671 2.626 2.573 2.514 2.489 2.467 2.44 2.396
2.132 2.058 1.957 1.837 1.788 1.745 1.689 1.669
2.261 2.276 2.324 2.335 2.342 2.359 2.376 2.44
2.216 2.246 2.321 2.467 2.678 2.906 3.181 3.561
0.7155 0.8138 0.9714 1.214 1.575 1.988 2.488 3.227
-0.07421 0.09745 0.3609 0.6402 0.9647 1.4 1.909 2.703
0.408 0.4071 0.4263 0.5364 0.7554 1.143 1.546 2.232
