0.034 0.034 0.034 0.035 0.036 0.037 0.039 0.033
0.03 0.03 0.03 0.031 0.032 0.033 0.034 0.03
0.026 0.026 0.026 0.027 0.028 0.028 0.03 0.026
0.02 0.02 0.02 0.021 0.021 0.022 0.023 0.02
0.014 0.014 0.014 0.014 0.015 0.015 0.016 0.014
0.008 0.008 0.008 0.008 0.008 0.009 0.009 0.008
0.004 0.004 0.004 0.004 0.004 0.004 0.005 0.004
-0.0 -0.0 -0.0 -0.0 -0.0 -0.0 -0.0 -0.0
-0.004 -0.004 -0.004 -0.004 -0.004 -0.004 -0.005 -0.004
-0.008 -0.008 -0.008 -0.008 -0.008 -0.009 -0.009 -0.008
-0.014 -0.014 -0.014 -0.014 -0.015 -0.015 -0.016 -0.014
-0.02 -0.02 -0.02 -0.021 -0.021 -0.022 -0.023 -0.02
-0.026 -0.026 -0.026 -0.027 -0.028 -0.028 -0.03 -0.026
-0.03 -0.03 -0.03 -0.031 -0.032 -0.033 -0.034 -0.03
-0.034 -0.034 -0.034 -0.035 -0.036 -0.037 -0.039 -0.033
