-0.3273 -0.3275 -0.3286 -0.3299 -0.3301 -0.331 -0.3253 -0.3179
-0.3073 -0.3081 -0.3097 -0.3118 -0.3139 -0.3176 -0.3156 -0.3077
-0.2869 -0.2883 -0.2905 -0.2935 -0.2975 -0.3042 -0.306 -0.2972
-0.2777 -0.2793 -0.2817 -0.2849 -0.2897 -0.2974 -0.3004 -0.2914
-0.2765 -0.2779 -0.2802 -0.2832 -0.2876 -0.2947 -0.297 -0.2889
-0.2812 -0.2822 -0.2841 -0.2866 -0.2897 -0.2952 -0.2953 -0.2889
-0.2851 -0.2858 -0.2873 -0.2892 -0.2911 -0.2948 -0.2926 -0.2881
-0.2875 -0.2878 -0.2889 -0.2902 -0.2909 -0.2929 -0.2885 -0.2857
-0.2891 -0.2888 -0.2895 -0.29 -0.2889 -0.2884 -0.2808 -0.2803
-0.2891 -0.2886 -0.2883 -0.2891 -0.2876 -0.2863 -0.2778 -0.278
-0.2652 -0.2674 -0.2733 -0.2838 -0.2847 -0.2826 -0.2731 -0.274
-0.2216 -0.2239 -0.231 -0.243 -0.2443 -0.2415 -0.2321 -0.2338
-0.1513 -0.1473 -0.1418 -0.1361 -0.1323 -0.1282 -0.1199 -0.1232
-0.08639 -0.08032 -0.07243 -0.06304 -0.05726 -0.05172 -0.0437 -0.0482
-0.0127 -0.004381 0.006911 0.02071 0.02818 0.03495 0.04235 0.03677
0.001288 0.00123 -0.001345 -0.0001046 0.001319 0.000995 0.0004309 -0.009716
0.01289 0.0101 0.003165 -0.009363 -0.02647 -0.04804 -0.07326 -0.1065
0.1178 0.1073 0.09185 0.06862 0.03739 -0.0007675 -0.04719 -0.1036
0.1342 0.1161 0.09022 0.06199 0.03203 -0.004583 -0.04933 -0.1017
0.03004 0.02628 0.02027 0.006421 -0.01593 -0.04343 -0.07665 -0.1127
