0.04952 0.04924 0.04854 0.04747 0.0462 0.04399 0.0398 6.12e-06
0.07353 0.0737 0.07382 0.07389 0.07395 0.07366 0.07243 0.04045
0.09445 0.09515 0.09614 0.09746 0.09916 0.1012 0.1037 0.07971
0.1034 0.1044 0.1059 0.1078 0.1104 0.1139 0.1184 0.09839
0.1117 0.113 0.1149 0.1175 0.121 0.1258 0.1324 0.1165
0.1201 0.1217 0.124 0.1272 0.1316 0.1376 0.1462 0.1345
0.1286 0.1303 0.1331 0.1369 0.142 0.1491 0.1594 0.1522
0.1369 0.1389 0.142 0.1464 0.1521 0.1602 0.172 0.1694
0.1489 0.1512 0.1548 0.1599 0.1665 0.1757 0.1893 0.1939
0.1527 0.1551 0.1589 0.1642 0.171 0.1805 0.1946 0.2016
0.1565 0.1589 0.1627 0.1683 0.1753 0.1851 0.1996 0.2091
0.1584 0.161 0.1655 0.172 0.1793 0.1893 0.2043 0.2161
0.1579 0.1604 0.1646 0.1708 0.1781 0.188 0.2028 0.2186
0.153 0.1551 0.1588 0.1645 0.1713 0.1807 0.1948 0.2139
0.143 0.1445 0.1474 0.152 0.158 0.1665 0.1794 0.201
0.1273 0.128 0.1297 0.1328 0.1376 0.1447 0.1555 0.1789
0.1152 0.1165 0.1193 0.1232 0.1282 0.1357 0.1472 0.175
0.09756 0.09835 0.1005 0.1048 0.1115 0.1211 0.1355 0.1712
0.07069 0.07286 0.07707 0.08322 0.09171 0.1038 0.1215 0.1655
0.05074 0.0534 0.05835 0.0655 0.07534 0.0892 0.1094 0.1603
