0.2192 0.2198 0.2204 0.2215 0.2232 0.2251 0.2273 0.2176
0.1662 0.1666 0.1671 0.1677 0.1685 0.1694 0.1704 0.1629
0.1196 0.1204 0.1209 0.1215 0.1221 0.1227 0.1233 0.1167
0.099 0.0998 0.1004 0.101 0.1017 0.1026 0.1037 0.097
0.0822 0.083 0.0836 0.0843 0.0852 0.0864 0.088 0.0812
0.0673 0.068 0.0686 0.0694 0.0702 0.0715 0.0734 0.0665
0.0493 0.0499 0.0505 0.0511 0.0519 0.0531 0.0549 0.0484
0.0275 0.0281 0.0285 0.029 0.0296 0.0306 0.0322 0.0263
-0.0165 -0.0162 -0.016 -0.0156 -0.0153 -0.0146 -0.0134 -0.0175
-0.0355 -0.0354 -0.0352 -0.0349 -0.0348 -0.0344 -0.0335 -0.0366
-0.0577 -0.0576 -0.0574 -0.057 -0.0572 -0.0571 -0.0566 -0.0586
-0.0784 -0.0787 -0.0794 -0.0801 -0.0808 -0.0814 -0.0817 -0.0822
-0.1264 -0.1266 -0.1268 -0.1271 -0.1287 -0.1309 -0.1336 -0.1301
-0.1802 -0.1812 -0.1831 -0.1856 -0.1889 -0.1929 -0.1981 -0.1899
-0.2418 -0.2432 -0.2459 -0.2497 -0.2544 -0.2602 -0.268 -0.2552
-0.3113 -0.3126 -0.3155 -0.3201 -0.3257 -0.3326 -0.3419 -0.3258
-0.393 -0.3943 -0.3982 -0.4042 -0.4106 -0.4178 -0.4276 -0.4095
-0.4631 -0.4623 -0.4645 -0.4705 -0.4803 -0.4882 -0.4986 -0.4839
-0.4885 -0.4872 -0.4906 -0.4977 -0.5101 -0.521 -0.5349 -0.5309
-0.4793 -0.4764 -0.4787 -0.4854 -0.4989 -0.5153 -0.5335 -0.5431

