-0.7396 -0.7394 -0.7336 -0.7314 -0.7376 -0.7287 -0.715 -0.7361
-0.713 -0.7117 -0.7126 -0.7162 -0.724 -0.7334 -0.7447 -0.7227
-0.6171 -0.6149 -0.6132 -0.6118 -0.6107 -0.6078 -0.6008 -0.5962
-0.5362 -0.536 -0.5347 -0.5323 -0.5286 -0.5204 -0.5058 -0.5081
-0.4534 -0.4545 -0.4544 -0.4533 -0.4512 -0.445 -0.4335 -0.4366
-0.4713 -0.4732 -0.4748 -0.4762 -0.4776 -0.4772 -0.4743 -0.4702
-0.5699 -0.5723 -0.5749 -0.5778 -0.5816 -0.5854 -0.5899 -0.5763
-0.7109 -0.7144 -0.7171 -0.7201 -0.7252 -0.7309 -0.7387 -0.7142
-1.027 -1.034 -1.04 -1.045 -1.055 -1.066 -1.081 -1.031
-1.18 -1.185 -1.187 -1.187 -1.2 -1.218 -1.239 -1.177
-1.229 -1.24 -1.264 -1.293 -1.318 -1.346 -1.382 -1.306
-1.248 -1.262 -1.293 -1.329 -1.362 -1.401 -1.454 -1.36
-1.458 -1.469 -1.486 -1.511 -1.547 -1.597 -1.668 -1.542
-1.654 -1.67 -1.705 -1.756 -1.8 -1.852 -1.925 -1.792
-1.879 -1.882 -1.896 -1.926 -1.961 -2.001 -2.059 -1.947
-2.166 -2.165 -2.182 -2.214 -2.237 -2.257 -2.285 -2.211
-2.173 -2.145 -2.134 -2.156 -2.214 -2.229 -2.245 -2.264
-1.367 -1.33 -1.323 -1.34 -1.426 -1.478 -1.538 -1.739
-0.2328 -0.2015 -0.2044 -0.2131 -0.266 -0.3884 -0.5003 -0.8485
0.7556 0.8236 0.8831 0.9189 0.9112 0.7106 0.5811 0.1521
