-0.063 -0.063 -0.063 -0.064 -0.066 -0.068 -0.072 -0.053
-0.056 -0.055 -0.055 -0.056 -0.058 -0.06 -0.064 -0.047
-0.048 -0.048 -0.048 -0.049 -0.05 -0.052 -0.055 -0.041
-0.037 -0.037 -0.037 -0.038 -0.039 -0.04 -0.042 -0.031
-0.026 -0.026 -0.026 -0.026 -0.027 -0.028 -0.03 -0.022
-0.015 -0.015 -0.015 -0.015 -0.015 -0.016 -0.017 -0.013
-0.007 -0.007 -0.007 -0.008 -0.008 -0.008 -0.008 -0.006
0.0 0.0 0.0 0.0 0.0 0.0 0.0 0.0
0.007 0.007 0.007 0.008 0.008 0.008 0.008 0.006
0.015 0.015 0.015 0.015 0.015 0.016 0.017 0.013
0.026 0.026 0.026 0.026 0.027 0.028 0.03 0.022
0.037 0.037 0.037 0.038 0.039 0.04 0.042 0.031
0.048 0.048 0.048 0.049 0.05 0.052 0.055 0.041
0.056 0.055 0.055 0.056 0.058 0.06 0.064 0.047
0.063 0.063 0.063 0.064 0.066 0.068 0.072 0.053
