0.05104 0.05702 0.06055 0.06311 0.06552 0.06772 0.07056 0.0578
0.03697 0.04058 0.04276 0.04436 0.04584 0.0472 0.04895 0.04029
0.02036 0.02168 0.02253 0.0232 0.02382 0.02441 0.02518 0.02091
0.01103 0.0113 0.01154 0.0118 0.01209 0.01245 0.01293 0.01083
0.001198 0.0004457 8.778e-05 -5.907e-05 -6.178e-05 9.224e-05 0.0003076 0.0004283
-0.008481 -0.01036 -0.01137 -0.01197 -0.01236 -0.01251 -0.0127 -0.01023
-0.01809 -0.02119 -0.02292 -0.02403 -0.02491 -0.02551 -0.02627 -0.0213
-0.02804 -0.03239 -0.03487 -0.03655 -0.03802 -0.03921 -0.04073 -0.03309
-0.04405 -0.05028 -0.05391 -0.05649 -0.05898 -0.06125 -0.06414 -0.05225
-0.04984 -0.05667 -0.06086 -0.06363 -0.06642 -0.06909 -0.07249 -0.05912
-0.06309 -0.06904 -0.07161 -0.07201 -0.07453 -0.07762 -0.08153 -0.06664
-0.08268 -0.08779 -0.08979 -0.08987 -0.09232 -0.09554 -0.09957 -0.08289
-0.1183 -0.1234 -0.1277 -0.1315 -0.1345 -0.1375 -0.1411 -0.1208
-0.1524 -0.1561 -0.1597 -0.1635 -0.1662 -0.1689 -0.1723 -0.1488
-0.1851 -0.1869 -0.1894 -0.1925 -0.1944 -0.1963 -0.1988 -0.1723
-0.1992 -0.1988 -0.1985 -0.1994 -0.2008 -0.2025 -0.2048 -0.1762
-0.2142 -0.2135 -0.2133 -0.2128 -0.2119 -0.2112 -0.2106 -0.1757
-0.2218 -0.2239 -0.2266 -0.2294 -0.231 -0.2313 -0.2304 -0.191
-0.1702 -0.2077 -0.2264 -0.2346 -0.2392 -0.2423 -0.2442 -0.2051
-0.2472 -0.2444 -0.244 -0.2461 -0.2492 -0.2524 -0.2558 -0.2168
