-0.2911 -0.2924 -0.2957 -0.3008 -0.308 -0.3176 -0.3307 -0.2799
-0.3026 -0.3049 -0.3089 -0.3147 -0.3225 -0.3329 -0.3468 -0.2925
-0.3159 -0.3188 -0.3233 -0.3295 -0.3377 -0.3487 -0.3634 -0.3059
-0.3231 -0.3261 -0.3307 -0.3371 -0.3456 -0.3568 -0.3718 -0.313
-0.3304 -0.3335 -0.3382 -0.3447 -0.3534 -0.3649 -0.3803 -0.3201
-0.3381 -0.3411 -0.3458 -0.3524 -0.3613 -0.373 -0.3887 -0.3273
-0.3459 -0.3488 -0.3535 -0.3602 -0.3692 -0.3811 -0.3971 -0.3347
-0.3541 -0.3567 -0.3613 -0.368 -0.3771 -0.3892 -0.4055 -0.3421
-0.3668 -0.3687 -0.3731 -0.3797 -0.3888 -0.401 -0.4176 -0.3531
-0.3711 -0.3728 -0.377 -0.3836 -0.3926 -0.4049 -0.4215 -0.3567
-0.3754 -0.3768 -0.3809 -0.3874 -0.3964 -0.4087 -0.4253 -0.3603
-0.3792 -0.3803 -0.3844 -0.3911 -0.4001 -0.4123 -0.4289 -0.3637
-0.385 -0.3856 -0.3894 -0.3959 -0.4048 -0.4169 -0.4335 -0.3681
-0.3885 -0.3887 -0.3922 -0.3985 -0.4072 -0.4193 -0.4357 -0.3702
-0.3892 -0.3892 -0.3924 -0.3984 -0.407 -0.4188 -0.4351 -0.3698
-0.3868 -0.3866 -0.3896 -0.3953 -0.4038 -0.4155 -0.4316 -0.3666
-0.3849 -0.3849 -0.3883 -0.3942 -0.4027 -0.4145 -0.4306 -0.3663
-0.3799 -0.38 -0.3834 -0.3895 -0.3986 -0.411 -0.4279 -0.3653
-0.3707 -0.372 -0.3763 -0.3832 -0.3928 -0.4059 -0.4235 -0.363
-0.3635 -0.3652 -0.3698 -0.377 -0.387 -0.4005 -0.4187 -0.3601
